1399
1396
1416
1402
1622
456
60625
60574
1408
1668
66732
18165
60735
44217
1405
1418
60059
2316
37680
2734
2190
31910
4057
1429
2288
4607
5920
37854
1413
34524
46260
63926
48866
42009
4087
1100
19885
1398
4604
34307
1911
12971
65334
2004
46952
1409
1434
60622
46648
13916
63174
46296
15260
4613
62560
46896
48891
12637
615
62286
4614
1421
39351
246
58841
71712
61889
44006
60797
1438
1407
1412
31132
40075
76479
2691
62715
93405
119051
1403
57243
1400
61222
1981
56570
1419
46298
69050
71446
4629
1705
4194
1920
30984
60572
85552
60708
40008
655
63639
44953
63351
1425
63333
62688
31917
31911
45950
61374
693
82856
1973
1395
37606
16286
1411
43348
4556
32798
19614
1620
95
76669
71912
2098
57706
1433
45790
60866
84958
1424
21510
45782
33880
95557
62104
35610
39272
1431
79744
1104
87108
18347
94605
1415
95479
100088
75006
70523
890
1606
47
63401
62455
106379
1695
85271
1437
2038
61056
33217
77169
60863
62650
62710
8592
46331
1972
2710
1639
60573
30991
42705
5371
94997
1892
253
85937
2352
41727
4686
200875
10545
52
4586
61923
81356
65930
31251
2085
900
42444
46786
63247
58474
47640
16997
105
4589
387
33907
11250
73586
78191
10283
61852
17610
8358
61175
32726
1891
61617
114868
62017
16420
31356
1420
153312
4239
4336
4500
1855
91363
70785
604
2290
64196
2490
39340
4327
3498
62110
120089
38472
4616
71728
61663
2384
110492
88396
12609
1274
87739
108978
124364
1215
1621
4574
75219
6040
61223
54650
61664
91239
99966
62046
64432
86831
1404
61459
252
4630
1044
18123
79460
7225
67915
31586
66788
4658
888
42671
31268
1516
47665
56296
62264
605
61550
114410
1988
4313
46533
2309
12926
104877
110316
52814
90462
65494
94954
1426
69478
42035
112888
50825
107113
1778
84773
95396
127532
3763
80752
2317
95057
54671
54344
92749
83867
60743
62914
18011
45815
79242
69740
34391
113988
7842
71790
46261
88329
67335
97546
79699
125988
67178
94664
75450
72844
67744
82596
92685
90802
42589
60948
74577
5451
126308
74016
136315
154521
76331
58450
62643
71914
67136
71789
65844
5178
31072
93740
76773
96648
34967
76121
27240
67075
1877
71886
80748
105214
873
66084
82883
12697
96677
72637
73223
105009
63407
62823
111110
80020
105248
73375
82739
100049
194766
117581
124834
32692
115036
72750
111803
92396
110070
100883
90937
66573
83095
222766
85077
71915
89393
549
80240
68421
79696
205715
131927
67070
98123
63109
96462
3570
13027
80350
209867
6357
4546
68507
96316
117376
89456
97186
42573
240411
113962
1447
82728
93741
83100
74440
83631
79649
67198
97617
73481
100757
220542
62741
89641
90660
249042
99071
207468
897
123249
125910
93812
65708
211684
74428
108545
61418
62852
902
38693
194764
82452
1781
86248
95480
37863
80623
71694
30983
103540
80213
129552
90239
97951
115004
102903
250670
87784
71024
72517
75758
86031
80968
105971
79141
65249
63210
79680
136283
71738
2723
83121
790
2426
68267
86430
85949
4588
135157
74204
580
67557
3452
86848
83639
94796
1414
28136
70881
2875
90282
116135
103768
688
83097
35790
70796
90260
2673
66292
31724
197067
80986
95269
127235
46639
186
51817
81146
79501
72305
57532
85723
66203
537
86423
128839
96580
60585
57911
314
14929
82684
4229
46028
70593
1436
89901
60554
240
69629
73021
90027
60694
247718
918
1406
33765
64464
1435
97175
80743
110356
219246
67195
92967
34899
85720
157741
607
4018
79525
225171
30981
42509
4482
764
117488
103516
69291
120911
118357
39852
218539
75214
31654
98986
72002
77606
3322
202411
79732
31109
202555
71578
1600
92830
35935
157239
4608
126280
62126
79788
1427
67133
95594
131041
200709
71411
73107
1422
87917
2391
3854
45016
82
157744
2025
45
160
2942
65942
154825
56998
121
84200
3022
33623
88803
87689
64513
65555
48865
269
9160
206586
1423
14814
89905
2458
198004
155537
62273
80564
66330
46195
2122
97645
77236
95403
126506
84669
221851
2129
66276
87083
67026
61859
68349
2224
76231
65931
204832
1996
49011
43020
90461
83659
91557
95603
93846
141
97727
71740
65143
135934
45783
77240
62649
3137
105556
513
69061
1660
87623
58981
123876
61345
73544
1417
250307
81046
88055
720
236235
46994
1428
68595
84661
79818
94305
236994
39358
74387
79086
67683
64230
213402
195670
2260
82591
34415
15819
46004
25707
68073
17572
302463
114461
109958
30669
113036
38974
138502
111141
78173
73833
5835
131378
3475
107124
31295
81355
1432
225180
89247
226637
71365
86374
2382
138501
92783
72755
4620
86836
35753
72636
67773
1777
60808
66786
36
259909
64706
606
1063
90669
93149
80307
65320
85349
90447
88040
94667
44305
82428
194583
61662
433
1940
129600
99778
94280
59427
60957
65820
256721
61593
2207
4238
38464
65495
82700
67116
1848
76719
484
65294
61068
63764
215720
652
15621
113268
43982
62285
926
96160
32895
79410
71715
79434
198102
13023
39269
64710
2327
54155
1908
67384
115857
68129
65988
32605
80169
5148
47450
67389
1018
85021
65676
2171
60802
42916
12225
1558
45140
90
504
709
88236
49010
21729
154385
33238
67126
112163
82104
2996
37585
2131
74682
4376
61752
96203
70453
2604
88324
46922
70637
2902
95171
4271
67466
218230
127529
2913
1457
84977
2287
4610
2140
70828
71116
65648
64122
2355
4601
41956
66433
286801
63145
97860
88046
14141
126027
61733
102966
97525
5687
94372
34742
7246
14658
12598
79084
66857
4598
61339
60726
4656
849
241259
4605
61709
61888
66025
2919
97400
72710
3750
62428
120168
32868
1667
119243
85801
4429
79240
91275
61389
2405
4324
92782
96444
115577
4743
207784
48462
114472
92983
80828
1450
75208
76747
112160
128883
42025
2345
75191
73411
59659
7869
46518
135340
62687
71769
4345
155
2022
201834
108261
33001
1546
70485
71663
2328
4455
225634
106651
734
157065
78722
146176
21641
1126
96777
99494
62822
111819
116799
50035
60728
1719
2119
42912
1618
114695
83851
136311
196454
61611
2777
62704
75865
97513
34109
69158
133748
68854
65733
120998
261579
117465
24835
2947
9907
1759
88989
14009
67676
12786
69470
40143
69346
90814
35338
117303
196322
117378
112836
648
67667
185
96162
7482
4269
1481
32351
79593
15079
61720
132559
1087
91875
156933
84231
1649
2617
32910
59375
1401
346
2692
94404
203737
60699
207332
6782
83103
111111
44264
85948
83880
4454
80671
34105
62255
66676
36250
82424
94722
903
326
79622
211288
114478
43865
98034
1220
4624
87428
61387
114395
49009
40293
126485
94951
39297
82809
97890
116386
4515
15655
1615
94810
77721
61929
21494
33852
46511
1720
1998
73467
9027
46928
245026
26453
668
2228
1712
3172
9687
66840
86850
226241
199001
53425
63623
65329
1830
19649
102321
117648
502
119495
197588
4879
77696
119769
43899
208336
91425
110309
68878
91801
2407
203857
155226
219937
129478
3793
207250
45094
62858
6673
1430
66078
62565
578
73157
4414
243881
79061
45501
1678
1663
116450
155292
98178
61599
4615
59186
58539
32962
17463
108284
59941
45845
112613
50712
105590
61671
1095
79611
91602
90228
83125
32118
62425
72350
424
196944
62602
397
34791
44807
815
16830
210733
5459
1813
4625
71809
62320
67135
42295
7821
45871
87527
64199
60833
97173
129888
124800
2566
1835
37419
15842
39434
210865
92621
43901
72597
62816
103157
8514
5639
90855
33987
71225
72296
33025
19253
81357
333
119845
220150
32415
31941
45666
61901
110695
44856
202284
42942
121078
2362
4278
61415
9302
62413
2593
1554
15826
62640
99779
106158
67166
72705
95205
94028
62127
242876
81349
64163
63767
66825
38603
230923
215866
35016
3772
138505
96713
4357
19849
61381
280945
4386
56568
46883
91977
100834
70176
3934
85273
103913
46080
3611
66980
4303
100412
99489
253905
95612
203085
61014
4459
799
93484
92592
114922
81354
108291
32754
204154
279060
107365
93785
66871
111800
64684
81358
99583
61461
3845
3122
44606
12782
32573
241454
46671
77532
106541
90296
39793
64387
5895
14956
2730
245703
70798
84503
39859
121964
121658
288
12965
2675
210942
66958
108255
100281
79588
196890
8974
2429
365
31736
58937
2693
236
210916
85922
99048
46923
512
271607
124271
7458
134373
46880
218843
96716
89844
85844
66190
102085
5622
62084
8392
279601
64254
67419
13943
12536
82816
208493
35894
97219
4184
64010
60930
158300
112162
87763
210232
2370
68814
119100
62517
65817
229480
110562
82001
136322
39518
99588
931
237512
101591
113808
240459
9045
86382
14853
241554
219760
226362
63770
33761
80563
220801
1567
76148
118956
2685
93287
37305
3319
1570
96481
61378
45952
44914
21409
56295
125935
51704
61838
62117
1918
103786
713
124101
10926
61456
496
86428
135238
63314
6005
69295
7317
77341
122194
70128
2359
17149
118821
117067
233629
85404
153657
4606
120462
85702
66761
43017
61670
61244
4177
104699
99121
5739
44317
4385
39185
96571
2808
42503
247767
39276
93256
106292
72
39218
61695
61864
42445
117030
70573
113367
32608
245927
3902
93811
95281
117023
32815
56425
33234
15804
99799
2389
226529
65292
207863
39279
82782
40
113985
61746
215001
252193
228878
66329
88516
2005
61421
2211
2742
259140
4575
2284
4396
63404
2567
17174
9957
61692
21755
3796
136369
114463
71340
128098
2985
88043
101972
86034
123192
69557
87940
42511
97539
2912
18520
32368
46041
90257
248852
85991
221079
106
45857
132719
12961
134949
2745
114547
261145
205050
1739
19092
85853
239385
61865
210879
2432
235930
133727
62450
94154
2286
62476
62917
132141
63522
88713
64752
89572
122226
97180
90870
21561
634
61986
93392
68315
30826
88052
219543
2530
8624
208891
96608
40290
63646
81723
57092
221300
33841
4331
1922
958
39525
1097
42282
110534
223564
86686
4330
17937
91997
33213
68467
80825
251
7704
152483
98161
78204
60654
202297
87049
78102
232125
212204
204082
72071
26867
272418
123548
60956
11466
101048
281009
2046
100010
95215
76874
61018
110642
35279
33873
1950
75820
127635
93019
235758
88367
95601
96102
36983
74081
103254
4602
79026
87432
96815
100565
68398
125282
54728
3215
2973
114165
12313
196614
223500
229711
62211
1032
99654
30623
3797
78154
109939
231280
39957
98201
60905
12406
17438
10331
45997
49471
199318
78074
7695
80054
75123
994
31585
657
81292
250923
93166
6127
86340
65493
4920
218589
1931
43270
39898
34158
10268
25760
79
1043
61192
110382
95249
243875
2720
2418
46976
242054
147050
154494
1487
39361
4068
84105
106519
167
70626
75775
50137
77939
103409
96150
204541
68799
68716
124124
154824
36189
31497
66496
125909
1310
80477
31572
72027
195339
235577
30957
214999
79340
90823
32716
64555
111616
78483
37527
43125
3764
5303
92892
18053
67117
46879
64099
20695
66310
58957
46441
4232
36994
4035
42253
213249
19239
62568
88408
32209
211039
24106
94686
155421
90677
138503
100
218342
93784
2440
4464
128113
43082
82747
114161
2408
95599
63418
202879
99581
83135
61463
500
84380
115694
1921
62699
2719
234763
250504
69500
15114
216082
9051
2473
70215
158373
37664
18350
93653
66053
46619
5690
124394
64353
58956
37632
61511
129959
42410
128095
99073
10821
2261
76662
125928
17287
87461
65784
62884
2430
67011
259886
4681
196474
31718
122066
107329
73925
14069
78950
60858
301507
38867
4288
225385
202208
19654
11095
82822
130368
240667
197429
87017
92053
101918
81144
56387
77567
1664
877
3050
76075
239770
91520
117933
46638
240456
82456
39483
8779
116989
75663
1026
27845
208397
5273
122623
104711
72462
259730
81290
88640
4419
9155
158916
21762
107171
81983
3470
233742
65336
34634
82328
16118
96129
670
90761
78670
3382
71885
95665
4046
62742
82199
284445
99080
90972
39331
2282
2009
208569
102621
1410
99047
66008
37678
418
2686
116727
106449
60839
203744
34376
7217
103992
197125
207411
61915
51370
208825
34141
111838
83949
72509
1480
80006
73126
115645
38165
242865
132750
3163
67230
30980
90955
1906
75209
219
205319
110531
33428
235635
2321
1706
98754
112738
60637
34793
37567
79008
45579
130853
3670
11721
70391
93292
65763
87050
40424
71722
82369
230424
92468
57041
69088
1823
64671
64165
102904
105797
93544
211358
745
71577
103
112833
63647
68734
44549
5522
64852
73117
127865
78122
4493
1952
225647
253372
114479
114068
227004
11235
341
124067
60626
156484
384
35527
194
228305
15632
31687
80411
93657
69630
45859
2243
85940
212989
207333
211747
2192
60804
1532
46849
233347
5031
76122
100333
1486
79166
93352
2612
31631
72039
13555
553
62505
17035
72748
79863
130
4333
1068
81747
67861
3868
18685
72787
65798
62564
29452
118642
128010
4344
216089
17611
126116
47480
1446
157061
32871
12777
96402
126167
2406
36581
245312
208067
3579
46901
61744
2755
95202
111837
63201
128876
1466
206559
2750
3562
69851
241609
209077
62681
81322
81114
679
25065
60846
84647
653
1749
894
92137
21567
61555
60715
2179
251091
95897
118541
95842
39510
8880
135918
2188
69581
73265
127626
11279
138357
13579
2622
2187
380
76530
92916
70513
1475
232230
71834
501
3266
67883
114502
954
86163
2303
44169
62099
85727
2263
32709
42272
48860
67048
4626
80335
13093
114892
2661
245684
81329
66859
66017
2289
114466
32676
60556
96884
86673
61457
46616
135959
95941
126929
116612
93816
126118
208730
130464
42368
213306
77947
3828
215072
178
74313
114471
211089
88061
20353
67043
98387
2275
224030
1549
128904
86189
530
84052
1269
235759
2251
66023
2416
84553
134095
112314
217766
60603
58111
58811
123591
1508
4549
202783
68188
88166
71673
6618
66551
2625
37858
68427
94244
47907
205442
111177
63510
34
88328
9894
74728
3476
76125
278635
13862
138971
227371
44931
87491
40351
2774
2304
93693
116725
39362
77459
106600
213609
71146
14755
124010
84469
100436
171
16946
114503
247518
34408
292035
227192
82791
259669
68006
137040
46930
63663
34801
162
5665
64840
67752
8991
985
60557
114925
33827
3034
53606
85586
57276
63085
237
272059
656
45213
90812
222233
135897
18614
126035
79130
82823
100567
129035
67265
2443
4551
64414
6024
119988
1482
133700
12751
61118
219651
18202
44684
158141
117821
70649
35339
110948
109330
498
43249
97
82817
99346
41692
91555
61398
112166
93870
64552
130372
34121
86942
67391
5028
246386
118924
202102
245902
4241
13987
107703
1948
99618
218347
4573
4775
4507
83685
213338
60655
14396
42821
42280
231749
66398
212907
58710
71349
90811
2660
9892
2343
69017
1769
81499
67018
2632
32218
84910
5021
78462
120734
102088
123349
153378
100897
97084
64570
520
253811
88512
18779
60834
90521
216985
66870
156898
43078
64228
80665
42878
194797
113901
61259
231003
61755
39379
543
94245
102712
69293
12504
258025
72505
106393
2093
95486
30773
32708
67575
61335
73777
85385
133357
41691
73671
158258
64433
68106
676
65150
1795
111625
229915
249522
68780
91768
7777
13230
34573
10126
217553
70484
63648
96658
105804
226527
85990
73321
93749
4349
102086
210905
1716
600
57577
2583
30977
60874
66599
32294
118958
256317
218896
84234
1867
74823
61818
43
108664
157004
85526
478
4334
79746
6484
134
36041
32829
1338
5917
15822
93716
197449
89233
112211
132117
133490
236429
249039
51019
9343
89959
32226
156819
134675
177
4477
203413
38657
114621
14981
219971
43631
7263
85833
72502
66941
97923
215103
236338
2855
65945
133903
108296
87093
7361
212333
90766
230448
114501
3714
4498
114477
220564
66185
235345
111474
83981
111743
100087
236873
83596
2506
93016
64320
60741
203164
2153
228547
250060
61602
63398
13549
79481
128306
248982
27660
4392
243
110971
10160
56590
226174
61565
90872
113218
73944
215803
157080
121659
62875
114118
65944
74074
9921
217667
8724
66875
111188
63329
64783
95004
4550
1930
31991
100698
321
4316
67199
21728
65291
118189
61425
98827
83054
62196
118663
222405
5107
44824
100868
276880
104819
111499
4266
247721
62490
61445
60685
2543
3051
5829
32519
68126
86550
232766
72339
122781
1685
106159
117992
3002
67872
7087
61697
2132
125949
6391
65819
57736
210955
33958
37437
213181
39357
87104
123542
565
83127
242977
81211
77184
255
31841
39702
72304
131305
76757
77694
205082
96228
259288
206164
63161
207484
64264
76059
91097
82873
278196
3162
70813
4623
3461
60730
89092
202318
63535
3556
203489
1878
70168
9262
33091
9156
45234
39651
156888
46434
2423
76572
120909
1060
60761
77529
46025
101352
57774
62725
230
231100
194567
2883
56353
3809
153282
104359
95433
97970
88974
44242
255868
4346
42951
106454
86941
72548
3769
14188
215092
26707
62223
60705
239826
135250
239287
85942
95259
2026
38324
83936
78036
103302
18197
229221
36837
92588
936
155631
61350
63087
250308
6138
127714
589
20450
213830
93241
232402
235389
120452
119934
17967
122196
96348
225008
65701
97754
80398
33922
62327
66282
224
245648
2798
64197
215333
81224
90795
9148
96450
80550
43775
40026
416
115236
42413
7022
22172
2957
21631
62977
216
246246
219063
5172
3572
202160
30703
1803
104229
215522
15130
100022
40417
3968
79618
5721
111576
46286
34356
62227
5487
71737
93289
98892
69541
83050
113710
32900
5146
64757
82282
1153
4483
232616
281013
43016
78941
557
99530
5383
227114
65333
137437
230059
64439
103319
18341
4576
4318
196400
77454
98214
75
226285
76557
205308
117830
100414
92579
39980
67743
230069
210787
201992
31628
44857
43097
210757
238151
4571
21781
97333
16169
14666
89287
76130
218344
95272
2253
3755
283123
7311
18048
67482
34587
279182
4415
73602
11285
158307
1489
7248
152511
89440
66558
40546
84452
247168
60811
104555
196285
61483
210098
73987
22634
21650
80587
43513
93265
11294
76560
156401
119464
896
129495
60998
2235
78903
81496
8962
209265
618
18653
94659
89630
69555
32022
115678
60831
110290
32729
64978
99741
110283
10083
87508
68665
1818
105177
104157
35466
54583
5381
112581
12577
69459
69998
50325
59717
76307
106502
7166
474
131651
4709
102434
1101
207347
4274
16399
235924
6080
98177
21730
88987
5279
207
126
96230
32651
31387
2404
6467
203178
133678
1027
127581
50878
137043
83870
252372
12656
7072
61585
101873
10929
155231
406
130523
4600
203704
46234
61314
1964
80805
228477
127700
74821
64394
72615
9410
100074
52891
47141
75893
78385
7330
112470
259666
2552
241269
137094
250988
73488
34014
76922
20056
100617
253376
127549
156406
74802
204284
157160
2126
3534
42699
65614
214032
82585
211079
79352
39360
94904
61295
103411
66134
34663
84666
74091
254821
135840
61967
74185
110529
228689
63726
99310
4402
94693
220513
11767
243954
103086
34732
216228
32406
83251
58832
244243
44725
261615
237565
78457
68295
590
47990
72306
209502
197373
158691
93520
7389
101571
68202
42421
255859
72649
72499
62668
88041
19544
9152
153496
46910
61738
43167
2966
13780
53052
12568
84154
75701
39176
82092
88728
93454
68005
214582
229926
82357
1894
34549
60888
61427
93219
13851
99626
62773
291
259015
45994
55925
90630
83478
44593
37290
132979
261980
22980
20111
70672
125816
134375
201304
233194
654
19566
96723
42531
45247
32778
82861
47318
81559
112077
12143
157732
40244
11105
32025
751
96734
37471
81879
77026
201019
1054
4384
46698
66082
223911
62974
15907
67487
77396
209167
129475
70540
63323
95550
133813
65369
797
1871
246992
562
213713
49157
891
130237
129612
129680
66789
58566
243360
62266
62313
226135
137872
61751
154743
37636
275388
231503
66830
203040
36406
1527
80795
67040
136732
82879
62417
3696
74094
241002
137893
72792
24710
6202
18352
213241
58928
129141
13643
95555
30386
88045
56304
6549
11726
88384
258462
80539
56402
154359
98187
67014
10079
215197
92875
1593
81318
153411
88463
237983
292
67154
46153
27167
61440
277752
154887
12614
14951
91725
1042
102540
67232
215902
93808
61811
72426
16906
219532
46437
62391
210704
30877
45998
66393
86893
2102
136044
72743
64709
3713
62142
216074
61969
1069
117706
62335
65856
124920
156902
40403
39754
204635
2586
68018
80737
2706
155533
87024
7143
158154
61406
212963
289892
154
19780
1992
67697
1691
11245
90970
103051
77238
232926
4582
1767
13892
61112
111255
13923
36046
42154
7097
128066
99631
1242
245285
114404
10797
16961
248830
96853
732
86588
95314
62745
139130
2822
1386
46283
139287
223300
89410
208925
247619
2150
134581
90999
5375
203
66894
70047
5133
96557
240692
46707
281011
1180
91552
19125
87382
202308
65332
1021
62137
54
63187
43062
114505
62
114705
106734
3072
98830
74851
77601
586
194774
135251
99777
61678
45125
69889
237853
131365
60972
56343
39657
38112
4086
45013
156077
12970
87539
74083
84969
3626
46252
2474
1915
92461
60855
1809
76692
260823
245842
214603
63130
210213
82515
32861
65816
228528
72468
101172
216445
46345
34805
109470
211240
219652
64551
103506
117880
89852
61828
252000
258348
77701
87462
79093
47663
3557
87553
63867
254544
120155
2962
2940
247784
2299
46975
88118
71731
281058
88239
39373
7235
28379
88042
133908
6322
290321
280110
56559
66931
77702
80040
33189
42350
1059
111453
76409
68708
33301
81821
7354
61871
67549
139798
244623
33056
61239
3253
72362
81665
227190
67156
88358
1760
246381
117678
118303
133529
101512
987
75666
134297
250598
45610
10938
9026
61886
93975
63495
36243
92090
32062
2468
15768
17638
4297
61854
113240
32390
94413
2840
198182
39775
67084
62201
3425
101881
2395
128252
61741
61367
156249
197248
81532
134865
227191
206180
1449
241535
94523
139060
651
137718
1025
28061
136342
197848
100963
39107
17450
60796
113137
112398
56336
971
46553
110637
155513
57775
137206
94423
45854
74321
3251
202097
31417
64198
225941
73946
31078
56219
195868
67272
65227
106841
3370
63375
34061
207717
2467
82744
8068
1229
157221
220056
63549
129418
92649
400
276253
70639
215315
256624
94795
121710
57754
61379
32315
93097
82895
4223
83962
90293
124396
17519
61833
216467
5150
209649
74018
113378
93522
88805
247732
86389
255251
99466
42828
66390
509
17535
66256
44256
12539
105288
86830
122009
214079
12597
85220
203949
127493
103026
61148
207371
113256
2354
247885
157569
223313
3940
123528
99617
218493
66579
4731
34891
76880
212588
230524
99353
63181
1960
1977
1750
610
64421
45799
222023
227975
76438
494
73200
14315
13859
195530
31499
271885
133174
3089
116174
2813
13675
80741
1260
70880
78869
17380
57961
241388
5084
100226
237233
70865
35
122587
62119
19505
209845
45789
31713
65579
235571
64572
158793
232018
72745
135615
239779
92209
661
2274
115
117987
89604
114655
77826
609
95386
1909
113984
34965
241473
7897
291904
235199
3200
126531
78183
238892
127948
70177
208942
82516
67780
62430
127
331
35094
94252
68327
81940
62287
202099
889
93825
228853
210702
67243
63119
255752
120587
2464
46643
10382
80546
72879
116983
2553
65523
79251
6670
51078
34163
43135
132
71951
64437
154524
39497
126254
82237
68574
64481
92433
234721
31936
103847
38560
23022
90602
245328
14424
126437
100911
47054
34435
109930
87542
218263
243316
7831
64492
10980
128015
92926
21731
241883
135868
4340
13335
213331
68837
229676
56305
238084
126525
2041
156640
91455
46316
119181
241405
96346
230003
37646
102359
37722
84777
4545
247704
135647
64127
127445
123377
61970
62904
130219
228663
9867
3976
95341
81686
127716
42500
203780
126164
1786
91267
2651
280078
113558
65764
21220
86957
242874
4887
81026
76887
2398
32419
213326
134742
106969
119806
204276
96305
7755
32023
21750
62251
77994
119772
61920
29200
36210
64164
114500
83941
67639
106388
4488
129398
1551
3033
94000
284792
2051
207334
216310
121460
6547
15489
93221
93736
133086
55924
94947
97861
46005
94924
81946
43284
96628
21720
69316
967
82875
157367
10493
213762
46974
73132
61263
87012
70824
206010
119267
245079
71199
7343
64158
1847
3690
5368
10710
17404
76132
134667
97441
99935
73000
74606
66272
34388
3295
210178
203667
101359
1966
237529
107003
110222
111894
39468
20021
862
66556
60616
43967
133723
13455
12323
2342
99491
1458
65950
136763
227318
76758
290276
103435
70590
97083
82565
1654
44037
61575
332
42567
99509
3318
23406
119565
93483
61096
7406
114924
9550
85843
27023
62644
8803
112693
153519
2198
2508
12784
121787
74140
53721
10097
55582
205
1636
16395
43146
69292
206829
5391
23787
139512
80230
64356
11099
4622
108303
3016
139099
65417
102518
66992
52698
57646
69367
157226
92443
120317
107001
233686
241373
68103
217211
72645
256128
210781
223326
138183
37472
72925
68654
74561
61431
75777
4734
32166
125940
67175
119773
34607
99610
61019
135814
99624
105392
13091
245256
53787
11100
66230
84584
247756
31679
241138
102619
93014
92553
4955
139353
66911
65251
50042
46973
9899
114772
135895
55866
9693
52645
111119
248244
79063
119337
2160
122530
76063
66862
69309
74829
123525
221504
37584
132105
34971
98494
134465
436
36249
3744
244808
10620
63409
255055
136248
11174
99356
54327
82766
94137
1895
9980
76541
107005
41676
225335
70311
69087
64396
68034
13881
4076
37913
131488
221301
155441
16135
57647
4267
3518
168
156563
2751
288055
95556
68569
192
102316
77568
72690
131532
47008
244643
67710
31867
4660
10309
11567
115626
247246
2410
2388
2455
4045
47699
2203
1393
209876
83247
248866
13796
61836
125000
107775
37851
74163
131028
87523
247441
92779
194741
18712
220269
90721
45844
14693
44
4025
39259
7171
33153
63509
30982
65345
61698
881
281006
35370
87478
271267
31500
4270
5986
60632
3090
1072
477
12822
21732
77607
247723
4292
5885
219788
689
122235
26318
1791
246485
76124
42910
218631
138492
205366
222792
85854
94761
94541
9543
7924
113600
204304
69342
3219
98013
225399
72581
66762
18408
91545
80826
219290
62404
117162
44470
46279
237890
32730
103416
1798
87142
245219
19588
13179
93541
113178
13266
90790
14613
66939
83300
93
1292
131835
233256
2144
94167
93233
62717
4583
1463
243006
85950
103787
505
18689
63441
38148
62959
102788
207713
80732
217583
33240
41597
15886
1941
157368
158646
130542
212462
66456
282471
31623
3004
71194
60929
46262
1693
72351
87773
45967
128384
79787
209110
66465
51488
46157
56299
18686
210
20992
953
5092
81733
96451
105511
2297
127599
52083
63248
92891
40064
194704
21734
65835
87944
100444
3097
1472
106251
59134
17635
94536
249
118906
37652
106754
41822
214609
30
64375
210268
46664
61408
240932
18014
13967
60879
281004
246621
31766
80039
138089
93290
70496
128926
95839
137720
96164
10184
241257
90808
8621
20993
76178
23004
115521
242551
87299
30992
214310
30801
4529
42276
46126
75896
219080
76205
95279
71766
79126
138169
91724
87956
1926
135864
58237
2899
248937
89498
106116
66776
119
114198
241501
99671
201124
85427
76139
64554
5689
252617
121509
210235
80884
61460
16468
2778
83605
218351
73506
11577
208445
236033
4275
158439
97609
8838
253321
10952
643
67063
42729
274979
214088
136738
117682
80730
63915
256226
257534
99688
73982
70837
157950
15
1647
35430
231811
130330
78533
42557
36846
92611
2518
262920
70964
39551
34860
118443
100052
80662
106238
98491
11089
58457
4860
34164
218961
213049
2349
2560
2585
59268
76582
68388
19002
113246
4684
258579
61512
1974
122241
96977
58931
127571
2762
82953
136125
50
2513
4020
8203
95638
5768
91445
5341
261868
19997
6589
12584
2221
539
14264
62267
113687
2191
233219
99479
81044
38922
81502
61441
81157
44310
84007
39336
64016
77791
2396
253941
112388
82149
86752
158083
47813
67679
13929
2595
115194
209275
1365
244447
41889
100988
103425
593
60550
93826
243403
136308
100383
16183
130392
204266
60766
4448
1181
2640
80885
50628
210195
198152
23374
65628
91837
7537
129677
231483
255779
83634
27117
249551
215874
201146
2121
59
45807
86346
93786
91759
113987
2199
131033
137735
10048
1528
122182
119279
37807
13945
65592
80834
99962
61628
91962
64446
237748
204236
72425
90259
154526
4285
87826
131992
40675
46958
119362
202213
119105
2264
259812
66606
128794
126660
4437
21421
271152
212246
5402
65712
17507
201289
99335
59312
126301
206693
57406
45630
33858
86951
70721
223447
134331
112745
120140
54930
46143
1682
3725
15226
35579
8379
124003
95697
62195
10400
66902
203555
33507
71181
5894
129195
155040
67460
138441
219446
217528
66090
71308
95558
42713
105136
34729
115464
75540
4289
129897
233100
14784
215471
242879
1073
17518
88401
90265
262469
81829
95467
158756
65454
89785
71096
244628
206
124426
3406
215995
70384
70284
208851
209332
235355
61433
157383
3780
259453
155440
281371
89571
402
65282
207493
48561
125350
71209
86799
61861
222785
34379
69931
429
85519
31388
38251
733
78293
42021
90399
244557
208921
4619
99385
271309
74415
234
97401
284644
16433
88044
81822
34114
61775
99995
86621
1473
202010
103465
42412
137870
138395
237150
118043
6647
92408
1453
2394
249882
38420
44652
297464
248947
75365
77555
3345
62244
244321
70191
61679
3719
63090
85964
84880
98470
65392
99084
106148
209707
102918
158415
3262
44493
4940
78
45966
202307
82108
61333
68848
61120
157769
259787
247453
35415
240558
90665
75770
60719
84896
61422
81154
62474
2016
67052
64836
155942
25117
3787
69659
123403
253990
68417
46881
136741
249695
61676
126725
125398
90755
31677
243396
113477
20475
4417
241549
39325
43288
81127
103445
239966
111204
223212
4250
53347
275216
1341
66077
83755
211564
217088
215799
91470
3108
207965
4251
128071
10180
278704
106431
60911
71932
70296
212553
132188
12861
54477
37759
113622
68224
116156
197591
299555
1831
63417
2003
62171
68809
102625
6046
158876
55270
156993
220074
216272
81133
1346
91299
2397
231952
43058
367
74080
116259
245926
67993
5325
91764
4521
61260
28032
219064
67570
83062
207311
72374
46550
38441
105213
26101
12727
6964
116761
93297
214078
82094
3497
63593
6732
18156
21471
79048
47035
210269
60862
127641
68001
70802
40663
206324
73613
517
245250
216811
68960
36941
102825
39659
126484
1790
76303
3127
12662
197548
69320
243217
254897
11982
119955
54866
32702
103849
194718
18604
299778
39346
814
262453
19521
206629
66515
66389
95160
18150
7714
230915
63809
112945
1900
42953
66149
63175
63454
78798
3948
2898
111312
9773
32613
70372
254013
131026
16188
99072
94515
73640
72798
236450
60732
83295
70878
1167
85841
13889
4397
61579
66399
38852
80855
281615
82501
70690
31665
4040
273081
85007
235484
34852
93514
39435
6081
5857
40044
12117
89563
231394
63891
10501
4638
35058
68080
226216
63164
107255
25499
284442
42779
86343
44277
129516
912
94551
95913
65386
155710
34531
92788
224344
80707
1617
201852
45282
8757
1711
60611
44314
32604
8459
67925
40204
13674
217460
275464
112940
46052
81049
202886
201285
278847
1982
89113
56017
12925
45254
20455
91121
214540
122978
105904
83119
211128
64434
99807
1916
225
94064
280888
2850
45527
4467
566
38294
41132
42862
99769
47523
1999
79299
65949
133733
226749
80504
61583
97405
232342
204490
60803
261298
95676
11823
63196
261091
73550
62783
76016
65170
47600
104108
81337
431
77493
70249
93742
66837
92835
274671
1863
71969
272512
128255
71100
41974
104960
9723
87302
67280
100043
62819
46198
2739
32231
66912
124897
241928
225178
60910
280100
243964
3308
89434
247522
217807
280946
99002
100350
99145
128995
67497
82578
62919
229192
11053
245292
27813
130842
115567
260471
195923
46746
16047
236086
62815
38890
96420
76796
88806
71018
73964
62070
132925
121792
6145
87313
67804
4956
47119
80443
2301
78292
115304
65693
214942
2386
68148
254389
302696
19077
97062
636
77284
214994
226340
33933
195459
271
39056
4618
132159
3486
4548
104674
71967
216424
155346
200777
31934
37806
31729
258742
126824
250162
254391
102182
214162
76123
3320
204358
219673
262352
90720
71383
4053
252649
70613
126528
99477
213194
96775
64339
61413
88804
112138
281666
4413
21296
214160
122672
