66732
1396
1408
60625
2316
95479
60059
95557
37854
1429
94605
87108
65930
120089
85937
31132
13916
46896
1438
4613
40075
94954
61222
46298
127532
246
70785
67915
94664
45950
37606
45790
31911
57706
42705
2098
85077
35610
92685
65844
890
60863
220542
209867
82728
240411
72637
82739
76121
219246
124834
42573
200709
61663
256721
62741
79141
31356
33238
83121
135157
83100
279601
240459
250307
89456
125910
61617
35790
97186
95269
131378
1044
65733
210865
220150
85349
86031
3854
138502
259886
196944
272418
62914
119769
243881
68595
80564
239385
252193
221079
2912
67389
245026
219760
301507
68129
4177
108255
281009
207250
46923
196890
108261
271607
119845
259140
39185
85991
2261
4396
30957
206559
88040
69500
210879
280945
30623
87940
278635
242865
261145
31736
77696
40143
230923
4288
64010
250504
119100
259730
3034
31572
106449
106
61865
237512
68398
283123
117067
6127
63404
2661
45857
224
202297
45952
223564
3050
95897
1922
103254
3670
72027
9302
96102
231100
223500
3562
76075
205050
3163
212204
11466
81329
46441
253811
292035
216985
243875
3764
235758
246386
1823
233347
240456
61511
47480
231280
225647
82873
39361
2473
253372
1430
112738
61818
204154
80411
4068
37419
34634
4046
4464
107703
75820
124067
67117
21762
245684
2430
2720
2440
76125
224030
208569
212989
27845
65763
130853
212907
133490
50137
4681
93653
81144
154494
2625
39898
65336
277752
40424
2622
1475
14069
130368
96402
70626
34141
158373
56387
4333
117933
2406
194
498
2612
235577
76572
281013
82822
2179
38867
1906
62505
284445
1486
2686
3828
138357
241002
32716
341
2750
79481
84105
233742
2243
5690
245312
954
71885
2304
11095
115694
223300
65701
97
95842
20695
37567
2755
93816
202208
92892
111177
74728
241609
30980
94686
209077
197429
4349
1508
202783
90761
103
211089
8779
272059
96884
91555
154824
1338
62884
2187
42253
74823
80006
196474
116727
61457
124394
4344
171
202102
250060
14981
2303
256317
60603
112470
14951
3266
101048
162
102086
6391
2443
93352
656
78483
1532
113218
232230
207333
62223
219651
76662
226174
1446
18779
57775
197449
2251
5021
2774
22980
60761
213249
31991
62564
3476
214999
36189
1685
125928
39379
2343
100868
72505
100436
20111
79166
61915
2583
77947
2093
4493
84910
34
138971
117830
223911
227004
32294
4573
4392
216089
21728
70672
60715
215072
69630
126929
10083
128904
158258
93544
226285
234763
217766
231003
3769
90955
38657
62681
2289
600
278196
64414
227192
291
67575
258025
45859
2883
25065
90521
69581
252000
39651
117821
60846
61565
247168
259669
43775
1948
76530
5031
67199
86673
281011
45789
227371
64228
236338
60705
17611
118541
245648
208067
2506
228689
64165
66017
11235
4775
30977
233194
207484
34573
4384
2132
95486
20353
209845
110971
1549
111474
46930
215803
2282
2026
79746
64783
1930
87491
13549
243
67048
77721
4477
67011
97084
29452
4266
4241
21567
134
62875
72304
60874
94244
34587
3051
251091
276880
93657
91097
203164
66875
67265
4498
123591
2855
66859
676
98827
32519
84234
70649
63398
7263
231503
238151
65798
13093
80587
4316
71834
114477
93749
130464
229915
63329
66599
255251
117992
32708
4549
131651
196400
205082
76757
235635
230069
14666
115678
3162
217553
33091
90872
178
55924
4582
213338
207347
249039
210787
9892
91768
44684
93870
222233
116725
67391
284644
112211
74561
65291
1489
62327
213830
58566
12751
86941
95004
86942
94245
32676
218347
87093
82817
230448
232766
7022
81499
474
47907
50878
4571
279182
45247
76560
85990
153378
34801
205319
203413
115236
8991
6467
76059
201992
100567
30703
123349
14424
78036
65945
43078
44931
135959
255
100
209110
1716
227114
118663
289892
82199
72649
9152
1021
132117
282471
228547
67018
61425
247721
5689
254821
46437
81224
253376
156898
110948
2957
64264
82357
13796
27660
203489
4600
543
210905
562
77694
34860
1749
71349
73265
2153
61259
5829
61697
1803
9262
1025
2813
2632
2543
114118
153282
64570
255859
208730
3976
5375
68106
102088
1027
64552
3572
119806
520
69459
87012
33827
63663
111576
32651
135897
80398
123542
2102
260823
66134
236429
565
52645
2798
56353
231749
218493
83936
5665
69017
215522
654
34121
246246
4086
93016
226527
111453
63085
3968
46286
68780
92579
106393
64197
44242
43249
97923
98892
214032
235345
58832
4507
1636
256624
43097
213609
64840
9155
127714
5487
215092
44857
3809
95433
57774
232402
130237
62313
250308
219971
45213
56590
218896
133903
235199
30801
42821
1966
202318
5146
259288
246621
66282
557
261615
732
5133
61440
75
4334
89959
158646
74074
101172
76557
232616
16399
82823
4318
62099
2354
589
14188
119267
321
88328
108664
131305
237565
133357
122781
254544
211358
3755
99466
129141
68665
36041
2235
63161
11285
72879
177
40417
154524
5383
203178
68005
10980
61751
1593
216445
155631
261980
45234
10929
66870
18352
219290
3714
216
100022
230059
62266
1060
215333
72351
2822
32390
63087
57736
797
4576
284442
244243
244557
61445
218344
46025
1818
62251
99618
42951
85526
100897
205308
106502
69293
64978
26707
34891
88384
114505
94904
74313
70813
43631
3002
64356
13987
1809
4297
198182
69555
196285
275388
92461
1878
158691
104359
6138
52698
134675
210955
38324
40026
294968
36046
80550
242551
246992
4623
280110
45854
96450
24710
249522
72502
210318
1527
38112
97970
247732
71737
83054
67482
154743
9921
258579
896
4415
43
13859
106454
10938
68126
100414
87508
22634
36210
65333
203040
20056
19505
244808
101352
34549
60888
247619
225941
212333
72426
259812
64198
81211
210757
96228
215103
279041
152511
111188
256226
1059
2126
3626
33958
80885
194797
37437
71932
94523
62
78869
2552
64572
239287
33922
20450
212963
156401
5092
651
9410
95272
32025
65282
81665
3556
5368
106969
239826
416
31628
2966
62490
11105
94693
117706
31841
6732
258462
45998
1941
216074
15226
34663
248830
75893
202308
21730
136342
72499
3940
82861
118189
90795
250988
78941
98494
210098
235389
110283
135840
46153
99530
215902
494
207
281058
229926
66941
95550
216467
21781
586
103319
86588
92588
13945
77529
42421
97333
89630
67549
132979
46698
46831
60998
39176
3713
4583
227191
64709
139130
73602
258348
111255
98177
235924
62725
122587
90399
936
62974
32406
39373
7248
18653
36837
37290
39980
2394
5721
88463
37471
4709
126437
63726
237853
202160
276253
83251
114621
55582
197373
1894
245902
210704
225008
204635
56559
16169
74091
40244
88041
16135
4402
59717
66558
65819
35094
247784
4274
3253
114500
75701
15130
67743
85942
241269
2840
79618
65369
94659
214582
46910
40663
12313
2041
8203
290276
157160
70639
232926
291904
35466
156888
2398
63323
67040
91552
93520
237890
246381
271885
155231
46707
1964
82879
194774
154
74821
237529
222405
255868
39107
34356
85843
83962
102540
120155
60831
1847
5172
113710
45844
139287
127
1042
76922
9537
1242
21220
46234
32022
7897
89440
61427
4529
17404
137206
60811
211079
65417
65261
70168
4660
5279
104229
10184
210235
259015
17967
157732
106734
93975
62668
45994
76130
227975
61886
202097
2404
93219
89092
60730
252372
157367
618
139060
92649
66830
47141
235484
228477
96348
2586
64396
213049
88042
13923
219080
201304
119773
47318
76880
86893
66465
33301
61969
194741
156406
77396
69541
83870
213331
213181
2467
43513
78457
1153
274556
2253
12143
31499
113378
153496
228528
241535
118303
2468
240692
10710
55925
891
127549
2474
61148
81496
220269
262453
77026
10382
1915
280078
590
67232
124396
3425
113137
91759
254897
78385
32900
56343
101873
71577
12656
62773
34163
70880
133678
241388
61678
241576
62142
13335
8962
33056
102434
50325
331
243954
38148
241405
63549
99353
157221
1386
96230
61406
66256
250598
74802
274979
133908
209502
88728
11577
156640
13780
80805
1101
213194
93
31500
114404
34805
1449
15768
46553
52891
70047
2962
101571
46392
107255
2395
119934
93097
2221
271267
3534
117880
91121
115
229676
240932
55866
86830
1054
136732
245285
7166
45013
62430
4107
219532
4887
129612
262469
7406
61483
256128
39360
37472
2595
244623
137094
32861
99741
47990
17380
126
7235
81044
71096
21731
124003
2585
99631
67014
202886
131365
62119
56219
1260
238892
201019
42910
37722
63164
245926
96305
889
271823
21650
113256
259666
216228
124920
46252
1181
206010
155441
242874
39775
53052
203704
7143
84666
228853
80795
12323
1791
61431
67175
6809
70311
13892
609
19530
76307
271605
207371
34732
44314
56402
11174
4020
62335
72645
9980
248244
30982
255055
74415
2455
72468
87478
63454
139798
46975
47663
228663
134375
155533
953
215315
1691
101359
247723
1750
61741
210213
158154
46283
1229
67156
1767
87024
11726
130523
133813
218263
4940
69316
203
1831
61112
42531
74851
245292
65227
74018
2051
19780
249551
245328
6081
238084
63181
44593
74185
1760
13881
42699
10797
971
63130
213326
65579
67697
90808
77826
280042
239526
80737
213713
67460
247885
93221
157383
2198
46316
76016
79093
26318
400
60550
7389
127493
82092
243006
4734
209275
72362
2299
32419
3089
82895
74321
197548
87542
37636
36406
3200
223326
236033
202099
54
61854
3033
53787
3295
90293
262928
89604
89410
16906
37584
127716
2751
2464
4275
207334
255752
38251
280946
244321
34971
73200
25117
92611
63187
221504
67154
246485
258742
4731
88358
39497
155513
77702
243360
3744
292
203505
3251
37807
60855
862
56304
90999
65856
52083
98214
87382
6589
75777
93241
92779
69889
136044
2940
217528
120317
98830
2349
33240
66515
14784
257945
247704
92090
71951
1900
93014
2396
31936
254482
302919
92875
99477
45799
610
156563
123525
83634
247756
46005
88118
78075
241257
273247
278704
154526
27023
1654
233219
93483
241883
60929
65332
252617
284792
219446
208925
44256
57406
42738
90970
16395
237983
66931
3696
112693
219652
4860
230915
3004
96723
227190
208942
80230
103051
299778
217211
29200
95676
43967
247246
133174
230524
50042
106251
96775
116612
64551
106841
123528
61871
107003
131033
81157
214310
116983
2199
204746
114198
62959
34061
257534
661
134581
13230
6322
102788
87399
211240
87553
41822
31679
61367
128015
2160
39657
85220
80665
17535
23406
3690
245219
76178
117678
114924
3072
35
10952
80884
128066
2553
224021
14210
243396
119181
1798
4223
261868
121460
214088
229192
70837
1786
28032
99688
31867
39754
37851
112388
128252
15886
233686
30
61833
82237
56305
77994
5150
62137
210268
72925
28061
109930
42828
2651
107001
60796
72743
5381
62404
2203
76139
96977
11567
6484
67780
68569
113687
80539
127948
2144
2778
46052
112398
158596
206180
68018
212588
131532
245079
3370
83941
78533
61441
132
119464
231394
81821
1790
46974
241138
95386
46345
201289
21572
105136
86957
1693
81026
77701
203780
68837
202213
2518
69087
31766
1292
81502
3090
138169
113240
82516
93522
2274
2150
10493
38560
262920
4270
21732
1992
62201
37971
281004
2508
50
3752
9899
62474
248947
214079
1895
137718
154887
136741
215799
99084
139353
157226
509
16656
220056
4448
67084
216310
64492
194704
1028
155780
230003
68574
210702
46262
220116
3365
135895
70296
280100
12822
23787
47054
4545
16468
65949
61828
23521
218351
115464
63495
69367
367
3719
134667
157950
105511
74829
67639
278847
68034
64481
61422
156249
40521
204276
235355
299555
95555
94947
3486
62904
241473
290321
47008
61575
114655
282440
243316
10180
198152
42567
297464
90721
245842
31623
3219
122009
1926
3469
70964
87462
1393
71494
39435
121253
4250
13643
81940
68654
67063
477
223313
35370
69309
301001
4040
71194
127599
4076
61628
44277
62644
12597
57961
97852
70802
32231
157569
34435
18604
66272
138183
87773
51078
138441
252649
16183
2802
203906
4397
121787
31677
237233
94541
4488
39659
126824
8838
253990
57647
91455
205366
72690
288055
271855
253193
63119
14315
36243
9148
7343
254389
197848
210
153485
4267
244447
223876
119772
95839
272711
99491
44037
130219
61263
42316
23022
42500
33189
99617
136763
34607
41149
55165
4026
1909
263089
137735
135615
71026
244643
72745
39416
136125
4413
232018
123377
76063
37913
293613
100988
21750
68809
138492
1551
46643
64437
120140
300258
243964
134742
68708
42413
72581
4483
128071
212246
209707
68103
23915
517
223896
61019
70177
155942
5084
65383
244463
247453
46973
9867
215995
40605
11053
4521
285770
217810
58237
204236
21471
131835
243403
37652
4467
281006
221490
91267
237748
64421
9026
241549
2413
13967
30992
11089
88806
119565
137870
2527
225399
40064
158439
284838
230
82766
93825
966
751
82108
233643
134465
2560
59134
99995
27167
129398
64164
73610
96488
98491
49071
130542
17635
402
134331
68001
209876
37508
44
70967
218631
222792
94137
3114
31713
231811
967
271309
4285
45966
5325
241501
94000
155440
93541
912
14693
436
99479
126997
209265
3318
47035
66488
233912
113477
61120
76124
66230
1458
42276
214942
123403
66992
245256
91764
90706
96451
84584
10620
10097
18014
5986
881
195407
71199
1454
260471
216272
217583
135814
50524
70788
272512
6080
45279
5857
94761
32315
3346
64375
78293
210781
291212
1977
44470
3716
70496
65712
194718
292516
61260
240558
53721
122235
135155
61333
60911
209649
80732
34996
46732
208445
259453
8590
88783
3097
71785
157769
76409
11982
61408
431
106388
121509
60879
66762
65503
84007
139512
2850
11294
195459
42729
64127
16870
76758
2674
254013
54327
4045
10029
206693
61579
37646
274671
1682
66862
52910
66077
302723
57755
206
65950
66456
128926
233100
157368
34515
51488
249882
12539
81127
155710
80475
46126
106009
60732
252605
83612
4955
128384
271
207493
78
258901
206484
95341
78648
65764
10309
16281
245827
73506
62416
42021
4622
1976
69217
281615
73132
83062
89498
61920
100407
41064
89180
19002
68388
168
34114
129195
275216
72311
67394
248937
255779
194573
63809
81133
97083
283019
99624
35415
76205
249695
119
253941
210178
689
8621
3557
87142
61679
90621
643
1530
55270
40044
236534
78798
133670
206799
208851
212462
286984
96164
42557
98031
69292
156988
41676
226340
77493
1647
71209
253384
202998
69320
70590
61460
36846
32166
43135
23374
243084
219788
82149
7755
237150
34388
82619
2297
73362
64835
102316
242436
243224
10048
2513
65592
207840
879
262352
65628
1167
121792
74225
60616
2264
66389
158415
6231
83295
272118
39588
43323
93233
78501
34729
219063
66902
107371
127445
18686
80834
127588
201146
2121
57646
119337
117024
78473
70284
120142
87826
253321
13266
77791
14616
119362
61676
252774
39551
135250
204266
222785
44310
71018
66393
85213
73982
1463
1974
89620
2072
136248
3406
63891
38420
47699
275464
88939
125000
87299
16433
62088
223447
239389
90720
4230
219826
211128
138190
261298
214994
71766
3497
66776
7967
138089
154770
63915
122369
78183
34045
115911
115626
26663
4636
103270
37866
5200
31179
217088
204304
5660
72425
158307
92408
14613
125816
246025
429
197368
214875
110222
63409
6145
9922
23587
98013
71308
271014
65523
245914
131488
129475
72610
225
539
4289
233753
95558
1365
22172
93290
94924
43146
80741
9693
223212
38852
332
61970
214162
79063
233254
201124
64564
4292
90705
2191
46198
32632
66149
223824
84880
307423
35579
63509
203687
100350
261091
7011
1346
252650
202307
92788
197248
26324
6202
194916
115646
6647
61583
42412
138395
60719
220377
1072
61944
52823
83119
128794
66627
156240
253391
244628
83605
61698
21145
76132
137
21734
54866
31934
214540
11100
34164
66803
65835
254002
238843
226749
42862
231
31505
48561
13837
156993
65392
66774
11145
13455
215471
125940
5885
65816
247441
45937
242867
7361
93260
278100
63576
34379
228429
42713
225120
206324
195530
46412
195923
77454
947
225178
86389
232342
4381
721
5402
277665
43288
10548
202667
112138
238680
207965
257161
44725
31665
51821
205
94064
77607
8872
2225
93821
74323
60862
197591
211564
71360
41280
47813
9890
1180
2016
91470
60972
95697
126301
3554
249
54511
12662
46917
215197
480
75787
115567
814
2386
80040
204358
104690
126484
155256
246461
1528
63322
158756
282662
153482
226197
92553
117987
14264
129516
66911
206629
396
85950
8379
127366
240686
271649
62171
3814
154359
67570
112945
97782
80336
280890
80662
46078
197434
231483
79787
39429
2035
19521
40675
214160
61581
116724
77588
39325
118443
99083
44987
74100
21720
3218
81141
61867
44189
153918
60632
99145
62057
70721
154822
37759
202010
12500
2762
406
70
43424
23004
65367
71152
12584
6836
100383
566
86310
68848
61775
211
212553
123149
42887
80713
15
80925
281371
65614
210269
84299
62856
7283
18828
129412
36361
113965
122182
124643
251941
1453
75896
67757
27117
85519
1056
121435
43167
220074
92443
70249
2640
13179
59
29602
42953
45807
20475
3725
758
106148
122978
158083
1168
30877
72442
13851
17519
251883
6550
244624
5653
1514
20169
242879
258580
240591
211261
88239
13674
13929
45610
38409
71100
71680
3437
128995
62267
99962
10860
4437
195868
80039
102619
84980
10222
1825
67710
10020
1473
45527
7677
220513
88804
81337
77778
89364
204716
91545
7714
95170
34852
49036
248394
104716
56017
2003
76949
3527
87387
132664
12998
2254
1467
4025
18150
262878
81978
259787
19077
43168
10534
32697
127706
90768
66103
53347
49546
17507
254653
45254
281666
60766
224839
59687
96420
43966
102518
70882
78471
203504
221486
248416
19758
217807
13781
99772
58931
8459
80826
76692
2876
11370
92891
43018
636
1711
71181
4557
38922
116761
136840
9834
43418
1994
205040
247522
62481
241928
83463
70878
232132
29
27813
123625
77238
126660
44815
84896
31730
114905
54477
233256
6964
85529
76582
18689
203599
67385
196040
84660
62819
73549
65693
237327
11890
224361
277513
72291
66560
284605
237333
8864
2979
11366
90790
82578
221112
224022
84856
230777
241373
294867
108303
60803
65454
14808
18664
99480
243217
137065
95913
62466
30048
44337
712
7097
64554
5022
503
125398
208921
47600
236356
2739
2388
1960
195926
88088
241063
80281
199920
113622
137872
206731
280888
102229
46388
42099
90816
63196
246862
202101
41731
202296
251994
61513
259710
84154
210195
80546
30778
99769
38441
283396
110632
13925
3787
76541
3345
7191
60910
4417
88044
2076
121131
61338
45502
64016
64434
5027
33823
63090
1375
33
45388
239006
62883
4496
41889
38881
72798
66837
492
901
108178
105276
67993
76462
63157
81667
208878
249972
224344
118534
77284
31390
36697
89563
30386
244416
91724
7098
45630
259537
31424
233205
123818
41974
68735
13889
119335
236457
42004
31670
89287
4544
46143
61096
118043
90388
26201
99072
1982
10219
4015
246029
78254
31709
125350
46440
5343
207743
61379
218961
4395
217390
254391
1999
4619
63463
7330
137895
73933
78132
250162
106116
3108
104
64589
157282
1588
205072
65854
3320
96442
63248
85854
841
453
79299
248833
132908
81829
107775
67925
66390
203616
105052
234721
1938
68133
71969
31714
204412
39290
41597
93490
36941
81154
68148
3414
123446
65270
98748
217772
36024
220525
911
76141
249586
88570
3575
6000
40050
65978
221416
1850
11096
82738
71904
124426
22104
252640
1596
10360
4053
76806
74280
84737
152512
221310
80504
2342
262700
87187
74095
243501
72328
135334
254483
6515
127323
21296
93688
63927
86799
83755
114772
246748
80867
13999
7448
5863
2562
44493
45860
16047
304774
34965
330
201852
67280
18408
119615
111204
71013
100033
43231
33507
284771
155534
82953
13819
67679
114937
89113
45967
214609
20455
67431
155346
204684
9573
71971
137043
61350
33153
75540
130842
81822
97317
136738
70690
37565
103962
4562
33835
203281
113959
221301
83118
11099
4340
219064
4735
63498
216523
272484
95712
60698
63451
3216
112712
213439
56351
46129
200777
64836
593
12803
217837
1841
320
89614
14451
122287
20993
54930
60843
64726
98198
117682
47335
66926
1849
127641
110180
78508
65345
125527
61256
73607
31389
70191
37183
272556
81733
239779
7398
46105
2925
210107
12258
12337
230926
7626
15242
5768
137127
137671
302540
274875
254017
95467
192
249854
93842
75975
12727
290160
92835
3222
85545
6998
10918
197459
237478
96231
89
92648
68224
46664
94359
130822
224753
258538
39014
19615
3729
62244
6670
63706
59312
284736
74080
89571
46958
245250
10536
29173
255107
66606
72482
32702
58887
195241
60611
117879
60667
12861
39346
87969
35257
61789
2204
158876
94940
3308
37681
11823
63175
164
80730
248866
100369
246027
99335
98240
80229
115641
131026
304530
229962
236450
66370
6560
116793
61861
1448
207668
61433
216424
76123
260458
76506
106761
8068
66671
13941
271152
94617
62783
285788
96386
102359
32515
100937
65228
273418
62717
238848
56336
43887
18156
300894
45801
3262
13265
82094
34186
31417
278331
64542
80609
31388
86621
74163
10400
70384
223365
57754
3478
73319
31731
245215
35430
68455
273081
95631
52453
239764
195990
236565
70058
67229
4237
108915
40204
9769
98309
243081
2428
4599
62807
34075
49297
62933
116156
90265
50821
4603
239386
56354
112940
41132
247662
226216
84383
197979
61529
62475
86346
104674
216811
72896
67052
18204
231727
241811
100575
46279
83314
42882
97401
94551
80443
250994
157747
231620
4033
70787
25181
285356
207564
228980
45018
278165
93786
63417
118588
81241
20407
39056
66107
6616
95903
63867
70823
49203
115521
39259
95707
91962
134029
87247
9
13908
132159
17450
206343
34124
45209
210191
9723
153697
2291
5744
19836
249964
30695
61413
2294
4568
35058
69533
62391
84163
34660
132188
213762
131561
130385
79070
244571
43058
121876
20992
46390
1341
261663
3948
71383
46550
277881
67243
216269
44652
49608
2301
226745
4038
121702
21502
71961
106431
20432
2312
133529
94536
270474
125116
71733
18048
212957
298651
106978
61239
56090
194986
88
74606
157571
215874
68358
17915
69830
2928
66562
230835
62763
94181
298234
211260
51828
261148
66046
64793
289411
105721
276204
89642
5953
99002
219673
93297
52896
68343
226688
37806
66550
237337
32023
281044
36249
619
85828
259486
21421
68417
216943
270487
749
73752
63
16941
130330
246026
11924
62195
2898
155779
13008
235493
229443
68272
1271
70372
81686
70440
587
1763
12433
67824
472
1073
218099
68327
15907
36301
9543
15680
200732
104960
39390
258912
3804
6263
52878
51168
75086
334
203667
43856
65386
278009
274069
5391
62082
66912
244620
1887
67080
62815
230318
66014
118906
23936
153581
154098
9773
275593
155229
62181
34035
83300
156820
4994
33400
68657
2118
10370
962
2702
505
19215
65166
96628
65766
137720
45956
11573
32604
1990
94498
92911
83015
252747
60182
125620
86657
21771
4355
39048
9985
10151
253296
119955
6132
63055
5080
63330
78292
226270
131028
1568
80855
35942
10494
247043
41018
284419
82317
236956
240641
51773
14511
38861
62957
16321
90665
135335
250463
242073
47523
16188
253368
82501
100911
209332
233452
137726
39045
65948
89785
254987
239966
96120
202821
72819
32915
13800
32803
67877
8040
226698
113966
2024
21500
35832
113987
88401
66357
73017
30946
78579
46881
16703
2899
112745
12592
34839
247670
46161
107005
2886
116175
130467
14733
86343
95717
283880
1498
71887
47179
5608
66080
281512
201889
7463
76713
67728
156510
64339
114413
34132
110533
234061
215943
94252
117886
82298
20021
4279
101666
88548
271053
279322
32200
61740
242875
221573
69866
69480
194829
274570
210586
2548
280038
46184
234212
30688
4382
255570
219053
1839
88090
66081
113720
118759
254993
249906
83381
214651
103108
12940
120224
97405
99099
46414
205743
1088
97085
9550
104032
217755
990
207567
2509
2233
203949
56834
65876
1638
38122
125437
74097
40905
75365
70767
55011
32710
75387
81923
67118
62301
46087
71493
26101
284219
64383
90451
66402
10957
212568
242143
2564
46019
256711
1925
70744
10492
13675
42779
40505
57756
84303
34102
55630
252318
1456
89434
217945
68604
45669
88378
2641
14610
111312
132982
62984
279283
4548
88051
3269
19389
82032
102905
157161
64537
5299
87476
203555
66556
55216
73613
75186
46101
55089
53193
17362
112732
130737
96659
238754
1617
102825
5341
208527
92602
531
12901
84915
259231
62066
225970
65679
34708
68183
64900
247859
10649
355
12050
258764
67106
237882
39718
226687
68695
43397
12976
46100
94631
62433
222176
125712
79356
233408
31729
259698
61836
96853
286723
43384
16660
105053
552
243083
114138
6298
218642
75230
42830
120013
75132
72677
64161
3151
202625
79357
62508
78199
236996
49422
203572
237411
257790
236144
101978
70613
66186
2
252320
223249
10179
60642
84327
83245
17518
72736
279013
40632
155459
225335
2120
1439
83828
1794
139797
279989
75379
78081
68096
20214
240150
81946
73536
74092
102625
239161
62287
62992
71611
14540
9320
40345
90180
80919
107085
13550
32613
83584
34921
61329
236086
234
80560
45282
121926
98470
45418
60791
103425
230735
93550
2767
86605
58761
4585
1444
86784
236300
280043
231952
239214
271576
91405
99490
15069
82909
62798
32580
94038
76345
10424
243140
103830
71391
61258
116041
110545
77269
67674
99385
3780
1566
87407
46018
7924
75770
30892
61873
207311
47711
119058
47745
43066
116045
228459
122826
78397
93449
58942
8082
111980
115304
86598
91547
31575
42548
61174
86823
276277
64518
3291
12925
113888
88319
153642
212273
114396
100825
31418
85964
9103
7979
3840
116259
71967
284
73640
213791
217460
195822
133355
129889
1082
128032
46746
3956
254474
62511
119732
232510
4618
35993
248064
13126
95556
135652
146339
36626
103445
73964
206829
37548
126849
64480
36089
6074
99737
2489
201948
13700
96237
33933
12753
12501
62776
214891
65929
238585
278816
102871
248287
5357
4684
30093
44432
84157
64446
32504
46938
1802
95324
61399
96718
110975
209922
71000
12712
97072
72340
69820
5645
256920
101129
4123
112837
81500
303911
134843
124363
100077
19531
117884
188
102693
115176
5894
60381
249545
47119
288577
31750
68293
476
3921
3531
68973
2184
87313
12784
158900
283197
94251
60640
83275
80991
62967
32377
252414
95755
137520
158036
124416
996
110162
38965
240993
8757
74430
72091
222787
93742
253797
222767
248433
12832
207713
158138
2584
13914
32694
224414
135929
254514
157008
4152
36629
62595
74712
5656
39354
241480
71714
91630
71693
45211
38003
1547
4540
1916
42556
243200
95160
85310
152471
13805
214997
68071
44777
133733
7038
116736
99671
120398
12599
33965
988
13375
13905
10042
62598
62553
270734
10365
237330
13922
25080
75814
30243
56299
87731
53300
16347
274814
274810
108171
4043
68586
122672
61423
70452
71739
123473
244043
5257
239005
56426
200794
98036
12974
248276
255719
15830
96804
42504
137228
202250
67831
253760
18162
15354
120932
42417
81425
4251
76759
3213
2637
5576
3035
62456
62290
135822
97062
47039
83893
2062
14651
108298
235351
157064
35464
35138
72025
128255
90546
137391
209809
64499
9895
8510
207197
76177
64532
204519
50666
262849
62705
11667
110181
1149
50558
5500
5307
6223
78742
85427
210805
64043
96323
70716
98039
63397
62487
69236
121017
59268
117584
6504
84634
4438
125392
70594
139547
158293
2400
12994
239478
3357
220850
224819
206087
75782
215709
235995
5811
239053
66498
72515
113360
1625
5256
240440
76468
47320
40862
62125
130477
75383
34771
2181
62302
220374
200707
42553
5281
3184
206686
67699
231001
10826
11191
60644
56355
72742
254476
107408
12114
73048
32940
129063
61512
112486
81887
241020
2292
69342
2666
228093
60605
93514
121567
200908
236385
226186
6480
76127
51537
33374
34594
43232
232441
71347
94502
13587
93394
733
10496
54315
89491
65989
126526
70558
206916
119957
39249
72141
1754
117061
112624
63146
74183
263034
21735
81049
85041
39892
82737
63913
271889
157208
3127
120549
67804
645
206637
33123
4813
61123
2156
46150
19612
37867
218623
67684
39758
58616
133154
13897
35281
100913
62495
4335
598
133356
132791
204490
2222
114162
91246
36473
42029
218038
38204
292148
1246
59097
124331
219066
5100
105113
106782
4533
258902
115999
31581
5352
68947
12272
234590
247045
63714
64435
3275
46302
100612
202306
203614
120471
2852
233314
88580
12875
46405
226658
116479
71322
71641
53296
222608
68080
238106
136699
31959
103967
87007
46374
17627
88033
80389
259786
156688
72851
1039
136752
103023
2178
64593
61520
252636
99125
235571
237918
271548
33544
237052
95279
55546
244431
66979
281005
228026
85368
3231
15641
76652
67497
203508
2999
133775
81769
205748
51320
120241
6744
241361
51502
39388
91299
106480
62829
73554
212766
64189
253710
82172
209504
60793
7030
87547
62892
13561
283367
70779
13899
108285
62552
16882
242722
223890
61546
3876
94703
19053
106590
1062
869
69659
89221
87984
8627
16072
242762
982
38890
211709
106308
2589
40245
2255
13812
281555
99657
115194
111494
4014
92394
61527
2044
3856
65176
96005
223515
136733
13667
38715
70214
220286
42518
1937
153870
249010
90702
91249
13
87393
99894
86735
13654
97948
281679
1340
1469
214945
60129
209226
33155
76892
6390
155040
87523
70625
486
6971
302063
67395
95011
5405
7723
19845
254721
31783
77555
385
1441
9983
261128
5715
132983
4508
281042
37264
78314
13826
238786
16684
102777
99070
4439
3504
41733
13039
67129
117945
69931
3026
80079
7485
4530
14328
85052
233237
277805
201949
15080
35519
95638
70748
47510
202985
239559
38967
68960
280048
240335
114149
229932
197428
111462
80537
116293
209604
82345
272466
5580
293391
785
41116
1307
1526
74739
249031
10848
38294
79272
112747
88786
130996
122015
252701
102182
234950
103386
65312
25114
40619
61781
80055
119180
252373
67726
91323
39582
2117
62569
48552
4787
363
61119
208953
83207
302012
51388
69113
87340
60867
446
132105
233221
83708
195780
43083
138181
4453
213738
293808
34604
106840
13339
31952
279603
5065
58704
93533
108891
46661
62070
32836
51018
225320
65170
20382
816
246799
60580
25992
42382
252135
261301
56021
139309
35305
39103
71890
17185
2718
153723
222930
99969
88050
65934
240441
138948
203367
63593
6353
71867
19033
117889
263048
66399
123856
109616
53007
37580
253093
1465
4579
197906
154084
115639
83524
194636
45116
1584
6212
65356
223397
110911
155243
35442
156568
231306
40758
10305
3501
78796
58932
11258
78797
97009
259857
49920
4816
302696
308
80056
262141
31616
91242
226411
744
40190
234995
107422
95484
103511
1013
85
58460
91837
76818
108877
262955
95515
85047
95356
291256
65447
318
3743
110115
218521
21021
18495
2142
62982
5566
96650
70923
85703
225005
70617
61700
63070
3782
4951
118824
240798
61637
101099
66104
69530
70972
60845
6332
286404
95670
65813
1130
260689
94626
60844
12894
45890
79876
229609
925
32612
96942
64190
2223
3882
50864
2293
92591
1509
252739
65635
46014
88024
126398
95439
61928
260822
21116
1731
69282
212203
6046
12848
157842
213834
1863
102823
66610
35106
116249
234910
64566
81942
4956
79792
4225
67429
92500
85322
4858
81927
70123
19616
65953
68301
220836
103727
261745
234800
283818
4028
105476
82583
210939
214257
13286
6759
100235
214547
123138
66111
64347
262375
62375
42877
43004
35423
70036
14891
95705
51345
38983
40302
44949
89861
15571
74939
154861
53916
229236
78375
248579
121040
134057
74432
129070
42499
111
60989
214172
58790
72374
203698
213895
206285
64249
46350
127723
99652
6489
84574
46504
2045
3103
214078
106524
78214
216322
262929
57109
25397
304790
95226
278969
18486
1048
115996
89446
12271
64401
76954
200753
58565
94813
21311
254853
138108
19
107347
60742
6323
250854
133064
114605
226969
197188
33148
126528
201285
77570
100771
45500
12387
209117
81494
202880
65568
122241
305062
105169
242535
68726
59674
210078
2823
5583
85338
124897
39314
73575
240909
135385
69786
10393
30729
638
85219
25531
29009
184
89557
25499
10472
157372
2759
103416
49933
134679
2701
60864
3394
34166
210532
194831
71963
136998
112063
93216
4899
1534
130838
53918
238711
10808
82491
223438
101146
225780
46733
136735
61218
203740
44100
94801
44969
85009
86824
67081
209475
61289
93660
625
126386
69602
106301
272947
131992
3973
2409
12859
107407
242238
46056
2901
85590
58421
18846
135654
5675
1737
83518
57389
85904
71128
81519
15871
5224
90670
5905
206246
198109
234545
8853
96826
204795
